Song Name	Crab Rave (Hard) by Noisestorm [Monstercat]
Difficulty	19
Primary Color	Beat
Secondary Color	Chill
Last Note Time	143.999
Total Notes	878
Fever Fill	237
Fever Time	21.599850
Long Notes	167
BPM	125
Song Length	145.277052154

Timing Points
0.000	480.0000


Song Data
0.000	1	4	1
0.479	2	1	1
0.959	3	4	1
1.199	4	3	1
1.439	5	1	1
1.919	6	4	1
2.399	7	1	1
2.879	8	4	1
3.119	9	3	1
3.359	10	1	1
3.839	11	4	1
4.319	12	1	1
4.799	13	4	1
5.039	14	3	1
5.279	15	1	1
5.759	16	4	1
6.239	17	1	1
6.719	18	4	1
6.959	19	3	1
7.199	20	1	1
7.679	21	4	1
8.159	22	1	1
8.639	23	4	1
8.879	24	3	1
9.119	25	1	1
9.599	26	4	1
10.079	27	1	1
10.559	28	4	1
10.799	29	3	1
11.039	30	1	1
11.519	31	4	1
11.999	32	1	1
12.479	33	4	1
12.719	34	3	1
12.959	35	1	1
13.439	36	4	1
13.919	37	1	1
14.399	38	4	1
14.639	39	3	1
14.879	40	1	1
15.359	41	3	1
15.359	42	4	2
15.839	43	1	1
16.319	44	3	1
16.559	45	2	1
16.799	46	1	1
17.279	47	2	1
17.279	48	3	2
17.279	49	4	3
17.759	50	1	1
18.239	51	4	1
18.479	52	2	1
18.719	53	1	1
19.199	54	2	1
19.199	55	4	2
19.199	56	3	3
19.679	57	1	1
20.159	58	3	1
20.399	59	2	1
20.639	60	1	1
21.119	61	2	1
21.119	62	3	2
21.119	63	4	3
21.599	64	1	1
22.079	65	1	2
22.079	66	4	1
22.079	67	3	3
22.319	68	3	1
22.559	69	2	1
23.039	70	3	1
23.039	71	4	2
23.039	72	1	3
23.519	73	1	1
23.999	74	3	1
24.239	75	2	1
24.479	76	1	1
24.959	77	2	1
24.959	78	3	2
24.959	79	4	3
25.439	80	1	1
25.919	81	4	1
26.159	82	2	1
26.399	83	1	1
26.879	84	2	1
26.879	85	4	2
26.879	86	3	3
27.359	87	1	1
27.839	88	3	1
28.079	89	2	1
28.319	90	1	1
28.799	91	2	1
28.799	92	3	2
28.799	93	4	3
29.279	94	1	1
29.759	95	1	2
29.759	96	4	1
29.759	97	3	3
29.999	98	3	1
30.239	99	2	1
30.719	100	3	1
30.719	101	4	1
30.719	102	1	3
31.199	103	1	1
31.199	104	2	1
31.559	105	4	1
31.799	106	3	2
32.159	107	1	1
32.159	108	3	3
32.639	109	1	1
32.639	110	2	1
33.119	111	3	1
33.119	112	4	1
33.479	113	3	2
33.839	114	2	1
33.839	115	3	3
34.079	116	2	1
34.319	117	1	1
34.559	118	3	1
34.559	119	4	1
35.039	120	1	1
35.039	121	2	1
35.399	122	4	1
35.639	123	3	2
35.999	124	1	1
35.999	125	3	3
36.479	126	1	1
36.479	127	2	1
36.959	128	3	1
36.959	129	4	1
37.319	130	3	2
37.679	131	2	1
37.679	132	3	3
37.919	133	2	1
38.159	134	1	1
38.399	135	3	1
38.399	136	4	1
38.879	137	1	1
38.879	138	2	1
39.239	139	4	1
39.359	140	1	1
39.359	141	2	1
39.479	142	3	2
39.839	143	1	1
39.839	144	2	1
39.839	145	3	3
40.319	146	1	1
40.319	147	2	1
40.799	148	3	1
40.799	149	4	1
41.159	150	3	2
41.279	151	1	1
41.279	152	4	1
41.519	153	2	1
41.519	154	3	3
41.759	155	1	1
41.759	156	2	1
41.999	157	1	1
42.239	158	2	1
42.239	159	3	1
42.479	160	1	1
42.719	161	2	1
42.719	162	4	2
42.959	163	3	1
43.199	164	1	2
43.199	165	2	1
43.439	166	3	1
43.679	167	2	1
43.679	168	3	2
43.919	169	2	1
44.159	170	2	2
44.159	171	1	3
44.159	172	3	3
44.159	173	4	3
44.399	174	4	1
44.399	175	2	3
44.519	176	3	1
44.639	177	2	2
44.879	178	4	1
44.879	179	2	3
44.999	180	3	1
45.119	181	2	2
45.359	182	4	1
45.359	183	2	3
45.479	184	3	1
45.599	185	2	2
45.839	186	3	2
45.839	187	2	3
46.079	188	2	1
46.079	189	4	1
46.079	190	3	3
46.319	191	3	1
46.559	192	1	2
46.559	193	2	2
46.799	194	4	1
46.799	195	1	3
46.799	196	2	3
46.919	197	3	1
47.159	198	1	1
47.279	199	2	1
47.279	200	3	1
47.519	201	1	2
47.519	202	4	2
47.759	203	3	1
47.759	204	1	3
47.759	205	4	3
47.879	206	2	1
48.119	207	1	1
48.239	208	3	1
48.239	209	4	1
48.479	210	1	2
48.479	211	2	2
48.719	212	3	1
48.719	213	1	3
48.719	214	2	3
48.839	215	2	1
48.839	216	4	1
49.079	217	2	1
49.079	218	4	1
49.319	219	1	2
49.439	220	2	1
49.559	221	3	1
49.559	222	1	3
49.679	223	4	1
49.919	224	2	1
49.919	225	4	1
50.159	226	3	1
50.399	227	1	2
50.399	228	2	2
50.639	229	4	1
50.639	230	1	3
50.639	231	2	3
50.759	232	3	1
50.999	233	1	1
51.119	234	2	1
51.119	235	3	1
51.359	236	1	2
51.359	237	4	2
51.599	238	3	1
51.599	239	1	3
51.599	240	4	3
51.719	241	2	1
51.959	242	1	1
52.079	243	3	1
52.079	244	4	1
52.319	245	1	2
52.319	246	2	2
52.559	247	3	1
52.559	248	1	3
52.559	249	2	3
52.679	250	2	1
52.679	251	4	1
52.919	252	2	1
52.919	253	4	1
53.159	254	1	2
53.279	255	2	1
53.399	256	3	1
53.399	257	1	3
53.519	258	4	1
53.759	259	2	1
53.759	260	4	1
53.999	261	3	1
54.239	262	1	2
54.239	263	2	2
54.479	264	4	1
54.479	265	1	3
54.479	266	2	3
54.599	267	3	1
54.839	268	1	1
54.959	269	2	1
54.959	270	3	1
55.199	271	1	2
55.199	272	4	2
55.439	273	3	1
55.439	274	1	3
55.439	275	4	3
55.559	276	2	1
55.799	277	1	1
55.919	278	3	1
55.919	279	4	1
56.159	280	1	2
56.159	281	2	2
56.399	282	3	1
56.399	283	1	3
56.399	284	2	3
56.519	285	2	1
56.519	286	4	1
56.759	287	2	1
56.759	288	4	1
56.999	289	1	2
57.119	290	2	1
57.239	291	3	1
57.239	292	1	3
57.359	293	4	1
57.599	294	2	1
57.599	295	4	1
57.839	296	3	1
58.079	297	1	2
58.079	298	2	2
58.319	299	4	1
58.319	300	1	3
58.319	301	2	3
58.439	302	3	1
58.679	303	1	1
58.799	304	2	1
58.799	305	3	1
59.039	306	1	2
59.039	307	4	2
59.279	308	3	1
59.279	309	1	3
59.279	310	4	3
59.399	311	2	1
59.639	312	1	1
59.759	313	3	1
59.759	314	4	1
59.999	315	1	2
59.999	316	2	2
60.239	317	3	1
60.239	318	1	3
60.239	319	2	3
60.359	320	2	1
60.359	321	4	1
60.599	322	2	1
60.599	323	4	1
60.839	324	1	2
60.959	325	2	1
61.079	326	3	1
61.079	327	1	3
61.199	328	4	1
61.439	329	2	1
61.439	330	4	1
61.679	331	3	1
61.919	332	1	2
61.919	333	2	2
62.159	334	4	1
62.159	335	1	3
62.159	336	2	3
62.279	337	3	1
62.519	338	1	1
62.639	339	2	1
62.639	340	3	1
62.879	341	1	2
62.879	342	4	2
63.119	343	3	1
63.119	344	1	3
63.119	345	4	3
63.239	346	2	1
63.479	347	1	1
63.599	348	3	1
63.599	349	4	1
63.839	350	1	2
63.839	351	2	2
64.079	352	3	1
64.079	353	1	3
64.079	354	2	3
64.199	355	2	1
64.199	356	4	1
64.439	357	2	1
64.439	358	4	1
64.679	359	1	2
64.799	360	2	1
64.919	361	3	1
64.919	362	1	3
65.039	363	4	1
65.279	364	2	1
65.279	365	4	1
65.519	366	3	1
65.759	367	1	2
65.759	368	2	2
65.999	369	4	1
65.999	370	1	3
65.999	371	2	3
66.119	372	3	1
66.359	373	1	1
66.479	374	2	1
66.479	375	3	1
66.719	376	1	2
66.719	377	4	2
66.959	378	3	1
66.959	379	1	3
66.959	380	4	3
67.079	381	2	1
67.319	382	1	1
67.439	383	3	1
67.439	384	4	1
67.679	385	1	2
67.679	386	2	2
67.919	387	3	1
67.919	388	1	3
67.919	389	2	3
68.039	390	2	1
68.039	391	4	1
68.279	392	2	1
68.279	393	4	1
68.519	394	1	2
68.639	395	2	1
68.759	396	3	1
68.759	397	1	3
68.879	398	4	1
69.119	399	2	1
69.119	400	4	1
69.359	401	3	1
69.599	402	1	2
69.599	403	2	2
69.839	404	4	1
69.839	405	1	3
69.839	406	2	3
69.959	407	3	1
70.199	408	1	1
70.319	409	2	1
70.319	410	3	1
70.559	411	1	2
70.559	412	4	2
70.799	413	3	1
70.799	414	1	3
70.799	415	4	3
70.919	416	2	1
71.159	417	1	1
71.279	418	3	1
71.279	419	4	1
71.519	420	1	2
71.519	421	2	2
71.759	422	3	1
71.759	423	1	3
71.759	424	2	3
71.879	425	2	1
71.879	426	4	1
72.119	427	2	1
72.119	428	4	1
72.359	429	1	2
72.479	430	2	1
72.599	431	3	1
72.599	432	1	3
72.719	433	4	1
72.959	434	2	1
72.959	435	4	1
73.199	436	3	1
73.439	437	1	2
73.439	438	2	2
73.679	439	4	1
73.679	440	1	3
73.679	441	2	3
73.799	442	3	1
74.039	443	1	1
74.159	444	2	1
74.159	445	3	1
74.399	446	1	2
74.399	447	4	2
74.639	448	3	1
74.639	449	1	3
74.639	450	4	3
74.759	451	2	1
74.999	452	1	1
75.119	453	3	1
75.119	454	4	1
75.359	455	1	2
75.359	456	2	2
75.599	457	3	1
75.599	458	1	3
75.599	459	2	3
75.719	460	2	1
75.719	461	4	1
75.959	462	2	1
75.959	463	4	1
76.199	464	1	2
76.319	465	2	1
76.439	466	3	1
76.439	467	1	3
76.559	468	4	1
76.799	469	4	2
77.759	470	2	2
78.719	471	3	2
78.719	472	2	3
78.719	473	4	3
79.679	474	1	2
80.639	475	4	2
80.639	476	1	3
80.639	477	3	3
81.599	478	2	2
82.559	479	3	2
82.559	480	2	3
82.559	481	4	3
83.519	482	1	2
83.519	483	3	3
84.479	484	4	2
84.479	485	1	3
85.439	486	2	2
86.399	487	3	2
86.399	488	2	3
86.399	489	4	3
87.359	490	1	2
88.319	491	4	2
88.319	492	1	3
88.319	493	3	3
89.279	494	2	2
90.239	495	3	2
90.239	496	2	3
90.239	497	4	3
91.199	498	1	2
91.199	499	3	3
92.159	500	3	1
92.159	501	4	1
92.159	502	1	3
92.639	503	1	1
92.639	504	2	1
92.999	505	4	1
93.239	506	3	2
93.599	507	1	1
93.599	508	3	3
94.079	509	1	1
94.079	510	2	1
94.559	511	3	1
94.559	512	4	1
94.919	513	3	2
95.279	514	2	1
95.279	515	3	3
95.519	516	2	1
95.759	517	1	1
95.999	518	3	1
95.999	519	4	1
96.479	520	1	1
96.479	521	2	1
96.839	522	4	1
97.079	523	3	2
97.439	524	1	1
97.439	525	3	3
97.919	526	1	1
97.919	527	2	1
98.399	528	3	1
98.399	529	4	1
98.759	530	3	2
99.119	531	2	1
99.119	532	3	3
99.359	533	2	1
99.599	534	1	1
99.839	535	3	1
99.839	536	4	1
100.319	537	1	1
100.319	538	2	1
100.679	539	4	1
100.799	540	1	1
100.799	541	2	1
100.919	542	3	2
101.279	543	1	1
101.279	544	2	1
101.279	545	3	3
101.759	546	1	1
101.759	547	2	1
102.239	548	3	1
102.239	549	4	1
102.599	550	3	2
102.719	551	1	1
102.719	552	4	1
102.959	553	2	1
102.959	554	3	3
103.199	555	1	1
103.199	556	2	1
103.439	557	1	1
103.679	558	2	1
103.679	559	3	1
103.919	560	1	1
104.159	561	2	1
104.159	562	4	2
104.399	563	3	1
104.639	564	1	2
104.639	565	2	1
104.879	566	3	1
105.119	567	2	1
105.119	568	3	2
105.359	569	2	1
105.599	570	2	2
105.599	571	1	3
105.599	572	3	3
105.599	573	4	3
105.839	574	4	1
105.839	575	2	3
105.959	576	3	1
106.079	577	2	2
106.319	578	4	1
106.319	579	2	3
106.439	580	3	1
106.559	581	2	2
106.799	582	4	1
106.799	583	2	3
106.919	584	3	1
107.039	585	2	2
107.279	586	3	2
107.279	587	2	3
107.519	588	4	1
107.519	589	3	3
107.759	590	2	1
107.999	591	1	2
108.239	592	4	1
108.239	593	1	3
108.359	594	3	1
108.599	595	1	1
108.719	596	2	1
108.959	597	4	2
109.199	598	3	1
109.199	599	4	3
109.319	600	2	1
109.559	601	1	1
109.679	602	3	1
109.679	603	4	1
109.919	604	1	2
109.919	605	2	2
110.159	606	3	1
110.159	607	1	3
110.159	608	2	3
110.279	609	2	1
110.279	610	4	1
110.519	611	2	1
110.519	612	4	1
110.759	613	1	2
110.879	614	2	1
110.999	615	3	1
110.999	616	1	3
111.119	617	4	1
111.359	618	2	1
111.359	619	4	1
111.599	620	3	1
111.839	621	1	2
111.839	622	2	2
112.079	623	4	1
112.079	624	1	3
112.079	625	2	3
112.199	626	3	1
112.439	627	1	1
112.559	628	2	1
112.559	629	3	1
112.799	630	1	2
112.799	631	4	2
113.039	632	3	1
113.039	633	1	3
113.039	634	4	3
113.159	635	2	1
113.399	636	1	1
113.519	637	3	1
113.519	638	4	1
113.759	639	1	2
113.759	640	2	2
113.999	641	3	1
113.999	642	1	3
113.999	643	2	3
114.119	644	2	1
114.119	645	4	1
114.359	646	2	1
114.359	647	4	1
114.599	648	1	2
114.719	649	2	1
114.839	650	3	1
114.839	651	1	3
114.959	652	4	1
115.199	653	2	1
115.199	654	4	1
115.439	655	3	1
115.679	656	1	2
115.679	657	2	2
115.919	658	4	1
115.919	659	1	3
115.919	660	2	3
116.039	661	3	1
116.279	662	1	1
116.399	663	2	1
116.399	664	3	1
116.639	665	1	2
116.639	666	4	2
116.879	667	3	1
116.879	668	1	3
116.879	669	4	3
116.999	670	2	1
117.239	671	1	1
117.359	672	3	1
117.359	673	4	1
117.599	674	1	2
117.599	675	2	2
117.839	676	3	1
117.839	677	1	3
117.839	678	2	3
117.959	679	2	1
117.959	680	4	1
118.199	681	2	1
118.199	682	4	1
118.439	683	1	2
118.559	684	2	1
118.679	685	3	1
118.679	686	1	3
118.799	687	4	1
119.039	688	2	1
119.039	689	4	1
119.279	690	3	1
119.519	691	1	2
119.519	692	2	2
119.759	693	4	1
119.759	694	1	3
119.759	695	2	3
119.879	696	3	1
120.119	697	1	1
120.239	698	2	1
120.239	699	3	1
120.479	700	1	2
120.479	701	4	2
120.719	702	3	1
120.719	703	1	3
120.719	704	4	3
120.839	705	2	1
121.079	706	1	1
121.199	707	3	1
121.199	708	4	1
121.439	709	1	2
121.439	710	2	2
121.679	711	3	1
121.679	712	1	3
121.679	713	2	3
121.799	714	2	1
121.799	715	4	1
122.039	716	2	1
122.039	717	4	1
122.279	718	1	2
122.399	719	2	1
122.519	720	3	1
122.519	721	1	3
122.639	722	4	1
122.879	723	2	1
122.879	724	4	1
123.119	725	3	1
123.359	726	1	2
123.359	727	2	2
123.599	728	4	1
123.599	729	1	3
123.599	730	2	3
123.719	731	3	1
123.959	732	1	1
124.079	733	2	1
124.079	734	3	1
124.319	735	1	2
124.319	736	4	2
124.559	737	3	1
124.559	738	1	3
124.559	739	4	3
124.679	740	2	1
124.919	741	1	1
125.039	742	3	1
125.039	743	4	1
125.279	744	1	2
125.279	745	2	2
125.519	746	3	1
125.519	747	1	3
125.519	748	2	3
125.639	749	2	1
125.639	750	4	1
125.879	751	2	1
125.879	752	4	1
126.119	753	1	2
126.239	754	2	1
126.359	755	3	1
126.359	756	1	3
126.479	757	4	1
126.719	758	2	1
126.719	759	4	1
126.959	760	3	1
127.199	761	1	2
127.199	762	2	2
127.439	763	4	1
127.439	764	1	3
127.439	765	2	3
127.559	766	3	1
127.799	767	1	1
127.919	768	2	1
127.919	769	3	1
128.159	770	1	2
128.159	771	4	2
128.399	772	3	1
128.399	773	1	3
128.399	774	4	3
128.519	775	2	1
128.759	776	1	1
128.879	777	3	1
128.879	778	4	1
129.119	779	1	2
129.119	780	2	2
129.359	781	3	1
129.359	782	1	3
129.359	783	2	3
129.479	784	2	1
129.479	785	4	1
129.719	786	2	1
129.719	787	4	1
129.959	788	1	2
130.079	789	2	1
130.199	790	3	1
130.199	791	1	3
130.319	792	4	1
130.559	793	2	1
130.559	794	4	1
130.799	795	3	1
131.039	796	1	2
131.039	797	2	2
131.279	798	4	1
131.279	799	1	3
131.279	800	2	3
131.399	801	3	1
131.639	802	1	1
131.759	803	2	1
131.759	804	3	1
131.999	805	1	2
131.999	806	4	2
132.239	807	3	1
132.239	808	1	3
132.239	809	4	3
132.359	810	2	1
132.599	811	1	1
132.719	812	3	1
132.719	813	4	1
132.959	814	1	2
132.959	815	2	2
133.199	816	3	1
133.199	817	1	3
133.199	818	2	3
133.319	819	2	1
133.319	820	4	1
133.559	821	2	1
133.559	822	4	1
133.799	823	1	2
133.919	824	2	1
134.039	825	3	1
134.039	826	1	3
134.159	827	4	1
134.399	828	2	1
134.399	829	4	1
134.639	830	3	1
134.879	831	1	2
134.879	832	2	2
135.119	833	4	1
135.119	834	1	3
135.119	835	2	3
135.239	836	3	1
135.479	837	1	1
135.599	838	2	1
135.599	839	3	1
135.839	840	1	2
135.839	841	4	2
136.079	842	3	1
136.079	843	1	3
136.079	844	4	3
136.199	845	2	1
136.439	846	1	1
136.559	847	3	1
136.559	848	4	1
136.799	849	1	2
136.799	850	2	2
137.039	851	3	1
137.039	852	1	3
137.039	853	2	3
137.159	854	2	1
137.159	855	4	1
137.399	856	2	1
137.399	857	4	1
137.639	858	1	2
137.759	859	2	1
137.879	860	3	1
137.879	861	1	3
137.999	862	4	1
138.239	863	4	2
138.719	864	1	1
139.199	865	2	1
139.679	866	3	1
140.159	867	3	2
140.159	868	4	3
140.879	869	2	1
141.119	870	4	1
141.359	871	2	1
141.599	872	1	1
142.079	873	4	2
142.079	874	3	3
142.559	875	1	1
143.039	876	2	1
143.519	877	3	1
143.999	878	4	3